107.5478
213.9478
267.9478
311.1478
348.7478
382.3478
413.3478
442.1478
469.3478
494.9478
519.5478
543.1478
565.7478
587.5478
608.9478
629.5478
649.5478
669.1478
688.3478
707.1478
725.5478
743.7478
761.3478
778.9478
796.1478
813.1478
829.9478
846.3478
862.7478
878.9478
894.9478
910.7478
926.5478
941.9478
957.5478
972.7478
987.9478
1003.1478
1018.1478
1032.9478
1047.7478
1062.5478
1077.3478
1091.9478
1106.5478
1120.9478
1135.5478
1149.9478
1164.3478
1178.7478
1192.9478
1207.3478
1221.7478
1235.9478
1250.3478
1264.5478
1278.7478
1293.1478
1307.3478
1321.7478
1336.1478
1350.5478
1364.9478
1379.3478
1393.7478
1408.3478
1422.9478
1437.5478
1452.1478
1466.9478
1481.7478
1496.7478
1511.7478
1526.7478
1541.9478
1557.3478
1572.7478
1588.1478
1603.9478
1619.7478
1635.7478
1651.7478
1668.1478
1684.7478
1701.3478
1718.3478
1735.5478
1752.9478
1770.5478
1788.5478
1806.9478
1825.5478
1844.5478
1864.1478
1883.9478
1904.3478
1925.3478
1946.9478
1969.3478
1992.3478
2016.3478
2041.3478
2067.5478
2095.1478
2124.3478
2155.7478
2189.9478
2227.3478
2269.9478
2319.9478
2383.3478
2480.9478
